00080000 00180000 00600000 01800000 06000000 18000000 60000000 80000000
00080000 00180000 00600000 01800000 06000000 18000000 60000000 80000000
00080000 00180000 00600000 01800000 06000000 18000000 60000000 80000000
00080000 00180000 00600000 01800000 06000000 18000000 60000000 80000000
00080000 00180000 00600000 01800000 06000000 18000000 60000000 80000000
00080000 00180000 00600000 01800000 06000000 18000000 60000000 80000000
00080000 00180000 00600000 01800000 06000000 18000000 60000000 80000000
00080000 00180000 00600000 01800000 06000000 18000000 60000000 80000000
00080000 00180000 00600000 01800000 06000000 18000000 60000000 80000000
00078001 00180000 00600000 01800000 06000000 18000000 60000000 bfff8000
00088000 00180000 00600000 01800000 06000000 18000000 60000000 40000000
00080001 00180000 00600000 01800000 06000000 18000000 60000000 7fff8000
0007ffff 00180000 00600000 01800000 06000000 18000000 60000000 80008000
00080001 00180000 00600000 01800000 06000000 18000000 60000000 7fff8000
0007edcc 00180000 00600000 01800000 06000000 18000000 60000000 891a0000
00085433 00180000 00600000 01800000 06000000 18000000 60000000 55e68000
00080000 00180000 00600000 01800000 06000000 18000000 60000000 80000000
00080000 00180000 00600000 01800000 06000000 18000000 60000000 40008000
00080000 00180000 00600000 01800000 06000000 18000000 60000000 c0000000
00080000 00180000 00600000 01800000 06000000 18000000 60000000 80008000
00080000 00180000 00600000 01800000 06000000 18000000 60000000 7fff8000
00080000 00180000 00600000 01800000 06000000 18000000 60000000 80008000
00080000 00180000 00600000 01800000 06000000 18000000 60000000 76e60000
00080000 00180000 00600000 01800000 06000000 18000000 60000000 aa198000
00080000 00180000 00600000 01800000 06000000 18000000 60000000 80000000
00078001 00180000 00600000 01800000 06000000 18000000 60000000 80000000
00088000 00180000 00600000 01800000 06000000 18000000 60000000 80000000
00080001 00180000 00600000 01800000 06000000 18000000 60000000 80000000
0007ffff 00180000 00600000 01800000 06000000 18000000 60000000 80000000
00080001 00180000 00600000 01800000 06000000 18000000 60000000 80000000
0007edcc 00180000 00600000 01800000 06000000 18000000 60000000 80000000
00085433 00180000 00600000 01800000 06000000 18000000 60000000 80000000
00080000 00180000 00600000 01800000 06000000 18000000 60000000 80000000
00087fff 00180000 00600000 01800000 06000000 18000000 60000000 80000000
00078000 00180000 00600000 01800000 06000000 18000000 60000000 80000000
0007ffff 00180000 00600000 01800000 06000000 18000000 60000000 80000000
00080001 00180000 00600000 01800000 06000000 18000000 60000000 80000000
0007ffff 00180000 00600000 01800000 06000000 18000000 60000000 80000000
00081234 00180000 00600000 01800000 06000000 18000000 60000000 80000000
0007abcd 00180000 00600000 01800000 06000000 18000000 60000000 80000000
00080000 00180000 00600000 01800000 06000000 18000000 60000000 80000000
00078001 00180000 00600000 01800000 06000000 18000000 60000000 80000000
00088000 00180000 00600000 01800000 06000000 18000000 60000000 80000000
00080001 00180000 00600000 01800000 06000000 18000000 60000000 80000000
0007ffff 00180000 00600000 01800000 06000000 18000000 60000000 80000000
00080001 00180000 00600000 01800000 06000000 18000000 60000000 80000000
0007edcc 00180000 00600000 01800000 06000000 18000000 60000000 80000000
00085433 00180000 00600000 01800000 06000000 18000000 60000000 80000000
00080000 00180000 00600000 01800000 06000000 18000000 60000000 80000000
00080000 0019fffc 00580010 019fffc0 05000200 19fffc00 67fff000 80000000
00080000 00160000 00680000 01600000 07000000 16000000 58000000 80000000
00080000 0017fffc 00600010 017fffc0 06000200 17fffc00 5ffff000 80000000
00080000 00180004 005ffff0 01800040 05fffe00 18000400 60001000 80000000
00080000 0017fffc 00600010 017fffc0 06000200 17fffc00 5ffff000 80000000
00080000 001848d0 005edcc0 01848d00 05db9800 1848d000 61234000 80000000
00080000 0016af34 00654330 016af340 06a86600 16af3400 5abcd000 80000000
00080000 00180000 00600000 01800000 06000000 18000000 60000000 80000000
00087fff 00160004 0067fff0 01600040 06000000 16000400 58001000 60004000
00078000 001a0000 00580000 01a00000 06000000 1a000000 68000000 a0000000
0007ffff 00180004 005ffff0 01800040 06000000 18000400 60001000 80004000
00080001 0017fffc 00600010 017fffc0 06000000 17fffc00 5ffff000 7fffc000
0007ffff 00180004 005ffff0 01800040 06000000 18000400 60001000 80004000
00081234 0017b730 00612340 017b7300 06000000 17b73000 5edcc000 7b730000
0007abcd 001950cc 005abcd0 01950cc0 06000000 1950cc00 65433000 950cc000
0007c823 0019bee8 00637dd0 017208c0 06000000 18000000 60000000 9bee8000
